Цикл з лічильником:
a_0 = 1.0
a_1 = 2.0
a_2 = 0.6666666666666666
a_3 = 0.08888888888888888
a_4 = 0.006349206349206348
a_5 = 0.0002821869488536155
a_6 = 8.551119662230772e-06
a_7 = 1.879366958732038e-07
a_8 = 3.132278264553397e-09
a_9 = 4.094481391573068e-11
a_10 = 4.309980412182177e-13

Цикл з умовою:
a_0 = 1.0
a_1 = 2.0
a_2 = 0.6666666666666666
a_3 = 0.08888888888888888
a_4 = 0.006349206349206348
a_5 = 0.0002821869488536155
a_6 = 8.551119662230772e-06
a_7 = 1.879366958732038e-07
